f1:
grid fragmentation: 10.0
third-order scheme: [1.1000000000000001, 1.2016591073961922, 1.3043862258068786, 1.4078303361069584, 1.5117725961539594, 1.6160709353272487, 1.7206299283305422, 1.8253835975909865, 1.9302851777317926, 2.0353007998694848]
second-order scheme: [1.1000000000000001, 1.2016578997873006, 1.3043837801579048, 1.4078269008399673, 1.5117684404784779, 1.6160662837712172, 1.7206249528835109, 1.825378425344276, 1.930279900970342, 2.035295484927405]
grid fragmentation: 20.0
third-order scheme: [1.1002256672603417, 1.2011777979514004, 1.3026007218558859, 1.4043413322940821, 1.5063034970661651, 1.6084244386043089, 1.7106617850103685, 1.812986123473217, 1.9153765392187383, 2.0178178469557424]
second-order scheme: [1.1002256411943183, 1.2011776962586864, 1.3026005486616472, 1.4043411034792308, 1.5063032284048454, 1.6084241429325159, 1.7106614720644975, 1.8129858004135448, 1.9153762112285151, 2.0178175177499043]
grid fragmentation: 40.0
third-order scheme: [1.1001647185455778, 1.2006694756560297, 1.3013952038213781, 1.4022703527381326, 1.5032498627917883, 1.6043042340510976, 1.7054135136991371, 1.8065638276796792, 1.9077452970646354, 2.0089507416860259]
second-order scheme: [1.1001647162451751, 1.2006694686368413, 1.3013951924970442, 1.4022703381079711, 1.5032498458118417, 1.6043042154904117, 1.705413494138313, 1.806563807544725, 1.9077452766634939, 2.0089507212391191]
grid fragmentation: 80.0
third-order scheme: [1.1000948263816932, 1.2003541526841048, 1.3007205118356191, 1.4011593149076362, 1.5016487486485379, 1.6021745153571652, 1.7027269350948049, 1.8032992716736633, 1.9038867256570431, 2.0044858070936131]
second-order scheme: [1.1000948262190056, 1.2003541522269308, 1.3007205111142099, 1.4011593139845955, 1.5016487475827269, 1.6021745141956703, 1.7027269338730942, 1.8032992704177322, 1.9038867243856699, 2.0044858058202304]
grid fragmentation: 160.0
third-order scheme: [1.1000504702170233, 1.2001818431919051, 1.3003658876508262, 1.4005855981425102, 1.500830243031648, 1.601092784150582, 1.701368454224705, 1.8016539344915614, 1.9019468596803231, 2.002245509482619]
second-order scheme: [1.1000504702062956, 1.2001818431627884, 1.3003658876053414, 1.4005855980845743, 1.5008302429649127, 1.6010927840779605, 1.7013684541483887, 1.8016539344131555, 1.9019468596009881, 2.0022455094031844]

f2:
grid fragmentation: 10.0
third-order scheme: [-0.099955573655908514, -0.19913831830830339, -0.29558391237594051, -0.3864164179383236, -0.46861185210530254, -0.53986734587828256, -0.59913700099252998, -0.64663074009855093, -0.68343974032455068, -0.7110815302071074]
second-order scheme: [-0.099950050978726487, -0.19912813432947601, -0.29557193058940912, -0.38640688081639341, -0.46860766335460036, -0.53986797666861697, -0.59913936501161558, -0.64663161971368699, -0.68343729033622558, -0.7110753546096058]
grid fragmentation: 20.0
third-order scheme: [-0.099948414006409678, -0.19915645996779524, -0.29578805979496281, -0.38714325841527442, -0.47032575929175852, -0.54303132261397236, -0.60408193530478382, -0.65349297858951427, -0.69217472560734028, -0.72151842873900029]
second-order scheme: [-0.099947726571138762, -0.19915519261650641, -0.29578654831896667, -0.38714200213935246, -0.47032512863421122, -0.54303131016658279, -0.6040822134775361, -0.65349315758276816, -0.69217454744503915, -0.72151780585122416]
grid fragmentation: 40.0
third-order scheme: [-0.09994856570554321, -0.19917871959591107, -0.29591636394487342, -0.38754334158183534, -0.47122258884762291, -0.54465008214863342, -0.60658645656329124, -0.65695404471935326, -0.69657420422344563, -0.72677436016282171]
second-order scheme: [-0.099948479846652907, -0.19917856105183041, -0.29591617332933029, -0.38754317976450908, -0.4712225028128712, -0.54465007439950552, -0.6065864895819193, -0.65695407069527278, -0.69657418946230154, -0.72677429147162753]
grid fragmentation: 80.0
third-order scheme: [-0.099949193903654088, -0.19919201010567855, -0.29598496581955502, -0.3877496200408786, -0.47167764978126603, -0.54546536823160607, -0.60784375588540973, -0.65868954091406418, -0.6987799340217693, -0.72941023153060114]
second-order scheme: [-0.099949183172499012, -0.19919199026692114, -0.29598494186538632, -0.38774959949242011, -0.47167763855925904, -0.5454653668581082, -0.60784375988090955, -0.65868954436356963, -0.69877993263021421, -0.72941022351220997]
grid fragmentation: 160.0
third-order scheme: [-0.099949599917323301, -0.19919906231890577, -0.29602013505499464, -0.38785397816246192, -0.47190645108178991, -0.54587409585066216, -0.60847330566079805, -0.65955822092588301, -0.69988404748460065, -0.73072995819734621]
second-order scheme: [-0.09994959857590989, -0.19919905983738959, -0.29602013205212568, -0.38785397557314788, -0.47190644964924167, -0.54587409565307787, -0.60847330615127537, -0.65955822136901066, -0.69988404733850473, -0.7307299572303767]

f3:
grid fragmentation: 10.0
third-order scheme: [1.9807097222222223, 1.9222983129321125, 1.8311501530974867, 1.7141813501227277, 1.578439282474583, 1.4307404364786855, 1.2773683288691973, 1.1238451149149569, 0.97478238161863828, 0.8338093306785006]
second-order scheme: [1.9807140735501272, 1.9223031863499367, 1.831151433911256, 1.714175678359706, 1.5784247828660771, 1.4307170782810439, 1.2773379189636693, 1.123810981179675, 0.97474884057904065, 0.83378105070479291]
grid fragmentation: 20.0
third-order scheme: [1.9802277751702013, 1.923360884707618, 1.8352564060249974, 1.7222932083102529, 1.5910059796881144, 1.4477538360880779, 1.2984419153643458, 1.1483077015099441, 1.0017771231357506, 0.86238934538070067]
second-order scheme: [1.9802283029849639, 1.9233614976206723, 1.8352566326061159, 1.7222926599600825, 1.5910044278336559, 1.4477512500224325, 1.2984384619378309, 1.1483037129880476, 1.0017730429640774, 0.8623856630954454]
grid fragmentation: 40.0
third-order scheme: [1.9803574251234251, 1.9245121849442517, 1.8380768955084812, 1.7271828418074109, 1.598129752134301, 1.4570681932377287, 1.3097316372721235, 1.1612292150196062, 1.0159040465672482, 0.87725640303016628]
second-order scheme: [1.9803574908011232, 1.9245122629741342, 1.8380769292253187, 1.7271827842027574, 1.5981295748107884, 1.4570678908089796, 1.3097312273865986, 1.1612287347481232, 1.0159035462655217, 0.87725593894585108]
grid fragmentation: 80.0
third-order scheme: [1.980508173879364, 1.9252322660364225, 1.839666952749079, 1.7298244586739924, 1.6018918516221454, 1.4619199638232634, 1.315560385599069, 1.1678612222307674, 1.0231264444680945, 0.8848382483473074]
second-order scheme: [1.9805081820895609, 1.9252322759103673, 1.8396669573338744, 1.7298244521811916, 1.6018918305082777, 1.4619199273220489, 1.3155603357288648, 1.167861163366674, 1.0231263826115546, 0.88483819024422983]
grid fragmentation: 160.0
third-order scheme: [1.9806042832932782, 1.9256272499221727, 1.8405056214594409, 1.7311932149038252, 1.6038219120050947, 1.4643937557673889, 1.3185203337556122, 1.1712199866524662, 1.0267776457393623, 0.88866679476558874]
second-order scheme: [1.9806042843201428, 1.9256272511648516, 1.8405056220566371, 1.7311932141371638, 1.6038219094318988, 1.4643937512861744, 1.318520327607311, 1.1712199793683715, 1.0267776380520295, 0.8886667875011246]

f4:
grid fragmentation: 10.0
third-order scheme: [2.0083221586855182, 2.0297133954638893, 2.0591819140024299, 2.0941805011891361, 2.1332924847639578, 2.1756842054860654, 2.2208483339781666, 2.2684725095600693, 2.3183674090360418, 2.3704252020404857]
second-order scheme: [2.0083491302531775, 2.029750923068256, 2.0592253077427229, 2.0942282433113562, 2.1333441054738778, 2.1757396370060493, 2.220907683843361, 2.2685359725041354, 2.3184352303816564, 2.370497662099639]
grid fragmentation: 20.0
third-order scheme: [2.0085189084514519, 2.029518703043458, 2.0584537343774905, 2.0929457681223744, 2.1316492215429026, 2.1737630262203806, 2.2187964324836744, 2.266447020002607, 2.3165329655207501, 2.3689534942165311]
second-order scheme: [2.0085224368502312, 2.0295236751944596, 2.0584595202016396, 2.0929521543158609, 2.1316561385194897, 2.1737704614692714, 2.2188043991327411, 2.2664555442606478, 2.316542081335458, 2.3689632409491268]
grid fragmentation: 40.0
third-order scheme: [2.0084797228719564, 2.0292170547391537, 2.0578428291279827, 2.092046700709036, 2.1305118315051197, 2.1724503861805391, 2.2173784305499895, 2.264997769669856, 2.3151299411048285, 2.3676774908760319]
second-order scheme: [2.0084801731738899, 2.029217693404485, 2.0578435747378072, 2.0920475250805675, 2.1305127252083218, 2.1724513473601026, 2.217379460801808, 2.26499887237147, 2.3151311206969889, 2.3676787525467331]
grid fragmentation: 80.0
third-order scheme: [2.008426393433056, 2.0290149183161583, 2.0574743897227359, 2.0915245416337895, 2.1298612454499932, 2.171702494561552, 2.21656735999662, 2.2641595398754859, 2.3143021244828326, 2.3668992409843637]
second-order scheme: [2.0084264502940283, 2.0290149992231319, 2.057474484333143, 2.091524646328053, 2.1298613590019055, 2.1717026167197657, 2.2165674909570359, 2.2641596800662005, 2.3143022744710748, 2.3668994014353557]
grid fragmentation: 160.0
third-order scheme: [2.008391359532101, 2.0289009783352583, 2.0572742517078293, 2.091245020315744, 2.1295150992928638, 2.1713051971097768, 2.2161357829135588, 2.2637114425623408, 2.313856007194329, 2.3664743714462206]
second-order scheme: [2.0083913666756268, 2.0289009885161065, 2.0572742636228538, 2.0912450335063917, 2.1295151136028374, 2.1713052125064052, 2.2161357994210831, 2.263711460234628, 2.3138560261030356, 2.366474391675546]
